C:/Users/Administrator/Desktop/tensorflow-yolov3/VOC2007/JPEGImages/000285.jpg 154,370,215,439,0 470,596,554,660,1 780,520,843,593,1
C:/Users/Administrator/Desktop/tensorflow-yolov3/VOC2007/JPEGImages/000420.jpg 747,64,773,109,3 890,240,917,292,3 926,258,953,307,3 697,390,722,437,3 689,232,715,277,3 629,435,652,482,3 413,232,465,262,3 344,109,367,158,3 289,409,312,464,3 275,483,299,531,3 265,549,286,595,3 656,256,679,303,3 363,3,392,47,3 350,55,381,101,3 332,164,363,209,3 305,298,333,343,3 689,26,714,76,3 738,115,763,164,3 662,192,688,242,3 251,616,273,672,3
C:/Users/Administrator/Desktop/tensorflow-yolov3/VOC2007/JPEGImages/000417.jpg 136,376,179,442,3 336,480,381,549,3 630,399,672,458,3 661,389,704,452,3 730,367,770,429,3 768,357,809,419,3 588,410,630,460,3
C:/Users/Administrator/Desktop/tensorflow-yolov3/VOC2007/JPEGImages/000512.jpg 59,115,121,159,1 120,362,174,406,1 666,359,705,398,1 825,44,886,88,1 815,261,879,319,1 794,449,833,488,1 931,409,976,453,1 1059,212,1127,275,1 1061,357,1119,407,1 1131,501,1170,540,1 1117,18,1161,61,1 651,517,705,556,1
C:/Users/Administrator/Desktop/tensorflow-yolov3/VOC2007/JPEGImages/000423.jpg 390,76,422,130,3 399,139,426,186,3 498,251,527,301,3 471,320,498,366,3 288,389,332,436,3
C:/Users/Administrator/Desktop/tensorflow-yolov3/VOC2007/JPEGImages/000278_1.jpg 229,221,280,296,2 288,199,341,298,2 356,193,417,289,2 428,178,483,283,2
C:/Users/Administrator/Desktop/tensorflow-yolov3/VOC2007/JPEGImages/000265.jpg 301,128,424,244,2 451,145,616,242,2 416,223,561,309,2 394,299,529,382,2 647,236,828,343,2 593,303,778,411,2
C:/Users/Administrator/Desktop/tensorflow-yolov3/VOC2007/JPEGImages/000309.jpg 70,140,167,175,1 685,500,721,619,1 846,427,893,523,1
C:/Users/Administrator/Desktop/tensorflow-yolov3/VOC2007/JPEGImages/000510_0.jpg 59,452,101,517,1 258,244,283,287,1 291,395,319,445,1 521,156,553,208,1 489,406,516,460,1 649,67,709,105,1 673,184,710,222,1 912,124,981,156,1 1061,127,1123,153,1 784,276,835,343,1 1027,276,1120,325,1 1043,445,1098,486,1
C:/Users/Administrator/Desktop/tensorflow-yolov3/VOC2007/JPEGImages/000050.jpg 50,69,129,136,0 65,249,159,341,0 183,278,232,335,0 260,258,350,354,0 365,251,431,302,0 407,149,495,228,0 523,70,611,174,0 634,94,688,166,0 708,105,761,165,0 793,93,866,192,0 886,103,938,171,0 960,106,1013,182,0 60,496,140,585,0 150,479,230,573,0 254,489,332,575,0 362,563,417,603,0 695,318,749,377,0 762,322,811,382,0 830,324,874,383,0 890,329,938,382,0 692,526,738,572,0 816,533,868,576,0
C:/Users/Administrator/Desktop/tensorflow-yolov3/VOC2007/JPEGImages/000285_0.jpg 154,370,215,439,0 470,596,554,660,1 780,520,843,593,1
C:/Users/Administrator/Desktop/tensorflow-yolov3/VOC2007/JPEGImages/000573.jpg 68,289,133,347,0 271,202,319,255,0 302,18,350,69,0 381,15,429,64,0 706,97,764,148,0 591,351,653,402,0 830,308,899,365,0 861,393,944,455,0 811,455,883,536,0
C:/Users/Administrator/Desktop/tensorflow-yolov3/VOC2007/JPEGImages/000028.jpg 66,186,142,272,0 204,191,268,260,0 297,190,361,261,0 374,197,433,255,0 448,199,505,251,0 621,194,686,256,0 27,417,104,501,0 142,419,242,524,0 262,420,341,510,0 364,422,443,518,0 587,438,641,501,0
C:/Users/Administrator/Desktop/tensorflow-yolov3/VOC2007/JPEGImages/000286.jpg 106,55,195,77,1 402,53,494,77,1 508,55,597,79,1 36,89,83,165,1 73,429,164,452,1 278,458,353,479,1 560,561,587,652,1 805,435,890,459,1 971,442,1036,506,1
C:/Users/Administrator/Desktop/tensorflow-yolov3/VOC2007/JPEGImages/000068.jpg 208,540,268,595,0 441,501,472,530,0 565,288,618,339,0 651,430,689,479,0 719,575,775,645,0
C:/Users/Administrator/Desktop/tensorflow-yolov3/VOC2007/JPEGImages/000299.jpg 70,119,161,144,1 377,364,452,418,1 534,266,588,341,1
C:/Users/Administrator/Desktop/tensorflow-yolov3/VOC2007/JPEGImages/000444.jpg 142,520,170,588,3 490,442,546,477,3 171,398,232,437,3
C:/Users/Administrator/Desktop/tensorflow-yolov3/VOC2007/JPEGImages/000019.jpg 50,189,116,275,0 141,240,227,318,0 191,300,238,369,0 259,300,316,363,0 340,273,413,356,0 495,171,589,273,0 608,169,704,262,0 783,243,879,353,0 958,202,1035,287,0 1050,144,1141,252,0
C:/Users/Administrator/Desktop/tensorflow-yolov3/VOC2007/JPEGImages/000373.jpg 101,254,158,290,3 822,354,894,416,3
C:/Users/Administrator/Desktop/tensorflow-yolov3/VOC2007/JPEGImages/000310_0.jpg 451,300,549,411,1 730,58,843,186,1
C:/Users/Administrator/Desktop/tensorflow-yolov3/VOC2007/JPEGImages/000069.jpg 377,40,409,73,0 60,144,95,181,0 98,178,172,241,0 142,249,199,298,0 232,367,288,416,0 381,553,461,633,0 444,660,484,705,0
C:/Users/Administrator/Desktop/tensorflow-yolov3/VOC2007/JPEGImages/000266.jpg 335,31,438,75,2 438,37,567,79,2 319,94,442,138,2 438,75,595,128,2 306,169,437,212,2 450,154,644,199,2 307,238,462,280,2 510,232,634,281,2 333,317,555,347,2 415,372,565,408,2 661,233,730,303,2 566,370,627,452,2
C:/Users/Administrator/Desktop/tensorflow-yolov3/VOC2007/JPEGImages/000506_0.jpg 93,117,130,169,1 95,274,161,313,1 260,81,316,121,1 311,372,351,416,1 202,486,260,550,1 359,72,390,128,1 453,197,479,260,1 533,14,583,65,1 598,118,634,173,1
C:/Users/Administrator/Desktop/tensorflow-yolov3/VOC2007/JPEGImages/000398.jpg 16,379,80,419,3 166,176,228,219,3 377,109,442,149,3 473,134,542,174,3 456,184,516,221,3 534,58,600,99,3 280,151,346,178,3 532,213,597,244,3
C:/Users/Administrator/Desktop/tensorflow-yolov3/VOC2007/JPEGImages/000309_0.jpg 70,140,167,175,1 685,500,721,619,1 846,427,893,523,1
C:/Users/Administrator/Desktop/tensorflow-yolov3/VOC2007/JPEGImages/000277_0.jpg 291,156,387,287,2 409,163,481,268,2 502,168,564,254,2
C:/Users/Administrator/Desktop/tensorflow-yolov3/VOC2007/JPEGImages/000023.jpg 34,120,95,189,0 104,119,163,184,0 172,111,230,175,0 243,113,300,175,0 307,108,369,170,0 377,101,439,162,0 450,94,503,156,0 508,88,562,143,0 644,88,695,152,0 702,80,754,143,0 763,77,815,139,0 826,80,882,143,0 885,74,939,137,0 942,69,998,131,0 1005,65,1059,127,0 1073,66,1123,126,0 84,274,140,343,0 287,264,356,336,0 372,268,419,332,0 607,252,668,306,0 746,223,814,294,0 899,235,951,296,0 959,220,1026,290,0 1034,225,1091,288,0 1106,211,1157,277,0 795,334,878,391,0
C:/Users/Administrator/Desktop/tensorflow-yolov3/VOC2007/JPEGImages/000525_2.jpg 227,126,297,218,1 376,335,475,416,1 450,308,621,382,1 773,343,922,378,1 758,446,912,484,1
C:/Users/Administrator/Desktop/tensorflow-yolov3/VOC2007/JPEGImages/000314.jpg 216,157,271,277,1 163,558,274,657,1 463,537,546,642,1 720,54,789,157,1 957,60,1030,141,1
C:/Users/Administrator/Desktop/tensorflow-yolov3/VOC2007/JPEGImages/000293.jpg 89,73,151,127,1 329,322,391,378,1 967,285,1007,325,1 866,530,901,603,1
C:/Users/Administrator/Desktop/tensorflow-yolov3/VOC2007/JPEGImages/000397.jpg 499,50,541,78,3 514,139,560,171,3 507,178,561,208,3 428,252,454,303,3 442,320,471,368,3 461,390,495,441,3 391,177,439,219,3 270,248,322,272,3 96,278,151,320,3
C:/Users/Administrator/Desktop/tensorflow-yolov3/VOC2007/JPEGImages/000014.jpg 44,294,147,389,0 148,289,247,389,0 386,479,505,587,0 534,30,634,138,0 631,23,729,124,0 773,340,873,441,0 731,29,823,118,0
C:/Users/Administrator/Desktop/tensorflow-yolov3/VOC2007/JPEGImages/000013.jpg 44,259,123,334,0 292,313,371,400,0 360,245,443,323,0 437,171,513,245,0 507,96,585,172,0 579,31,660,109,0 740,65,811,140,0 660,275,736,356,0 921,159,1007,256,0 843,332,944,438,0
C:/Users/Administrator/Desktop/tensorflow-yolov3/VOC2007/JPEGImages/000300_0.jpg 41,131,82,174,0 196,99,255,159,0 820,63,896,136,1 1031,474,1106,545,1
C:/Users/Administrator/Desktop/tensorflow-yolov3/VOC2007/JPEGImages/000296.jpg 99,127,165,182,1 355,193,426,223,1 462,394,529,452,1 116,519,184,554,1 576,620,643,650,1
C:/Users/Administrator/Desktop/tensorflow-yolov3/VOC2007/JPEGImages/000391.jpg 578,19,640,58,3 500,41,559,81,3 432,281,473,339,3 488,453,532,525,3 525,150,593,194,3
C:/Users/Administrator/Desktop/tensorflow-yolov3/VOC2007/JPEGImages/000271_1.jpg 31,44,126,164,2 90,74,197,203,2 157,110,274,247,2 257,158,355,288,2 303,215,398,343,2
C:/Users/Administrator/Desktop/tensorflow-yolov3/VOC2007/JPEGImages/000047.jpg 118,65,229,146,0 142,173,215,232,0 28,223,135,344,0 312,40,394,101,0 321,122,398,179,0 347,297,418,358,0 186,479,258,542,0 584,531,660,595,0
C:/Users/Administrator/Desktop/tensorflow-yolov3/VOC2007/JPEGImages/000042.jpg 104,29,200,107,0 99,122,198,200,0 99,216,192,294,0 113,318,192,374,0 108,408,195,476,0 102,489,197,573,0 99,584,197,666,0 305,6,396,95,0 303,135,387,210,0 300,267,386,341,0 296,369,392,455,0 297,479,392,563,0 306,585,393,666,0 540,12,633,87,0 542,125,629,201,0 540,252,630,336,0 468,384,561,473,0 537,491,632,569,0 539,582,635,657,0 746,132,819,189,0
C:/Users/Administrator/Desktop/tensorflow-yolov3/VOC2007/JPEGImages/000000.jpg 563,478,630,573,0
C:/Users/Administrator/Desktop/tensorflow-yolov3/VOC2007/JPEGImages/000515.jpg 98,20,168,64,0 109,71,178,118,0 92,128,172,177,0 87,186,166,238,0 82,247,160,304,0 36,330,129,404,0 659,63,719,102,0 823,392,908,467,0 1048,391,1131,468,0
C:/Users/Administrator/Desktop/tensorflow-yolov3/VOC2007/JPEGImages/000401.jpg 812,422,849,485,3 693,532,730,614,3
C:/Users/Administrator/Desktop/tensorflow-yolov3/VOC2007/JPEGImages/000273_0.jpg 147,27,281,92,2 133,325,292,393,2 147,424,290,472,2 182,481,296,536,2
C:/Users/Administrator/Desktop/tensorflow-yolov3/VOC2007/JPEGImages/000623_1.jpg 81,106,162,203,2 194,106,264,199,2 304,100,371,184,2 394,97,453,190,2 488,104,546,192,2 649,100,734,212,2 795,110,874,214,2 925,113,1006,220,2
C:/Users/Administrator/Desktop/tensorflow-yolov3/VOC2007/JPEGImages/000306_0.jpg 401,65,421,98,1 449,159,466,189,1 619,513,644,543,1 843,596,863,627,1
C:/Users/Administrator/Desktop/tensorflow-yolov3/VOC2007/JPEGImages/000280.jpg 348,64,481,128,2 337,149,502,210,2 342,200,519,264,2 348,264,540,322,2 355,321,537,393,2 388,397,564,474,2
C:/Users/Administrator/Desktop/tensorflow-yolov3/VOC2007/JPEGImages/000057.jpg 141,333,209,393,0 228,350,297,409,0 77,461,150,528,0 168,477,242,545,0 20,557,90,616,0 343,511,416,578,0 361,622,414,711,0 435,636,488,722,0 528,653,573,718,0 597,428,642,485,0 662,437,701,491,0 824,565,900,629,0
C:/Users/Administrator/Desktop/tensorflow-yolov3/VOC2007/JPEGImages/000011.jpg 537,163,587,209,0 332,686,376,735,0
C:/Users/Administrator/Desktop/tensorflow-yolov3/VOC2007/JPEGImages/000279_1.jpg 261,147,385,214,2 281,201,414,270,2 302,249,436,321,2 323,294,449,364,2 342,349,446,410,2
C:/Users/Administrator/Desktop/tensorflow-yolov3/VOC2007/JPEGImages/000535.jpg 51,85,101,238,2 127,79,194,221,2 236,70,385,207,2 339,33,526,180,2 71,353,337,416,2 93,457,154,548,2 183,450,251,570,2 276,443,347,591,2 357,275,417,406,2 463,179,530,258,2 550,164,622,263,2 639,163,706,290,2 719,175,775,313,2 790,189,848,328,2 852,231,938,366,2 832,386,945,437,2 829,463,952,520,2 778,519,955,591,2
C:/Users/Administrator/Desktop/tensorflow-yolov3/VOC2007/JPEGImages/000502.jpg 62,445,106,497,1 93,281,165,346,1 266,329,317,382,1 345,96,392,160,1 523,25,580,60,1 645,150,691,215,1 664,248,740,299,1 502,411,585,442,1 803,60,859,92,1 877,93,934,123,1 909,248,970,275,1 847,425,916,492,1 998,70,1047,103,1 1065,158,1112,183,1 1134,127,1175,165,1
C:/Users/Administrator/Desktop/tensorflow-yolov3/VOC2007/JPEGImages/000526_0.jpg 28,15,119,56,1 39,63,101,98,1 123,44,197,75,1 195,64,273,101,1 249,140,351,192,1 375,202,470,266,1 504,202,581,255,1 607,264,722,343,1 745,355,862,451,1 718,430,815,538,1
C:/Users/Administrator/Desktop/tensorflow-yolov3/VOC2007/JPEGImages/000303.jpg 481,152,525,202,1 567,238,612,287,1 533,319,591,381,1 504,339,569,409,1 435,408,487,466,1
C:/Users/Administrator/Desktop/tensorflow-yolov3/VOC2007/JPEGImages/000382.jpg 488,284,532,342,3 428,569,497,610,3
C:/Users/Administrator/Desktop/tensorflow-yolov3/VOC2007/JPEGImages/000304_0.jpg 624,334,663,410,1 774,197,812,266,1 743,423,785,498,1
C:/Users/Administrator/Desktop/tensorflow-yolov3/VOC2007/JPEGImages/000295_0.jpg 123,48,217,104,1 732,56,791,143,1 362,570,428,610,1 672,555,752,579,1
C:/Users/Administrator/Desktop/tensorflow-yolov3/VOC2007/JPEGImages/000521.jpg 124,268,271,373,2 71,343,226,445,2 468,57,552,134,2 590,52,656,140,2 695,46,761,137,2 778,36,853,127,2 861,31,932,117,2 929,15,983,110,2 831,268,896,384,2 937,242,1044,292,2 919,324,1070,374,2
C:/Users/Administrator/Desktop/tensorflow-yolov3/VOC2007/JPEGImages/000432.jpg 52,108,105,135,3 411,365,438,427,3 263,587,323,612,3 345,583,396,608,3 618,581,665,607,3 678,579,734,606,3 731,498,778,522,3 889,487,939,512,3 946,485,999,508,3 665,504,718,527,3 192,589,247,613,3
C:/Users/Administrator/Desktop/tensorflow-yolov3/VOC2007/JPEGImages/000132_1.jpg 567,512,614,540,3 693,498,747,523,3
C:/Users/Administrator/Desktop/tensorflow-yolov3/VOC2007/JPEGImages/000513.jpg 24,12,63,39,1 75,398,179,450,1 232,85,285,138,1 185,289,249,346,1 402,32,474,65,1 380,335,468,402,1 697,277,767,328,1 858,230,934,281,1
C:/Users/Administrator/Desktop/tensorflow-yolov3/VOC2007/JPEGImages/000066.jpg 207,676,293,757,0
C:/Users/Administrator/Desktop/tensorflow-yolov3/VOC2007/JPEGImages/000533_1.jpg 132,49,235,74,2 136,87,237,122,2 133,142,234,182,2 126,213,234,256,2 111,292,226,345,2 98,385,200,464,2 365,25,423,88,2 441,21,494,101,2 390,120,495,161,2 829,302,901,343,2 823,365,921,408,2 836,433,948,491,2
C:/Users/Administrator/Desktop/tensorflow-yolov3/VOC2007/JPEGImages/000059.jpg 83,632,176,708,0 527,66,595,115,0
C:/Users/Administrator/Desktop/tensorflow-yolov3/VOC2007/JPEGImages/000526.jpg 28,15,119,56,1 39,63,101,98,1 123,44,197,75,1 195,64,273,101,1 249,140,351,192,1 375,202,470,266,1 504,202,581,255,1 607,264,722,343,1 745,355,862,451,1 718,430,815,538,1
C:/Users/Administrator/Desktop/tensorflow-yolov3/VOC2007/JPEGImages/000519.jpg 703,66,790,112,1 844,121,933,173,1 884,329,939,369,1
C:/Users/Administrator/Desktop/tensorflow-yolov3/VOC2007/JPEGImages/000040.jpg 38,256,120,343,0 202,266,287,355,0 341,237,430,347,0 483,223,571,320,0 624,196,713,315,0 771,194,855,294,0 913,182,999,276,0
C:/Users/Administrator/Desktop/tensorflow-yolov3/VOC2007/JPEGImages/000284_0.jpg 439,292,474,417,1 591,409,637,486,1 772,681,833,773,1 894,74,972,161,1 956,360,1045,458,1
C:/Users/Administrator/Desktop/tensorflow-yolov3/VOC2007/JPEGImages/000045.jpg 59,254,138,303,0 92,327,167,375,0 449,354,548,422,0 539,503,627,573,0 639,209,711,264,0 795,48,875,110,0
C:/Users/Administrator/Desktop/tensorflow-yolov3/VOC2007/JPEGImages/000399.jpg 62,38,112,100,3 43,537,84,599,3 115,558,159,630,3
C:/Users/Administrator/Desktop/tensorflow-yolov3/VOC2007/JPEGImages/000132.jpg 567,512,614,540,3 693,498,747,523,3
C:/Users/Administrator/Desktop/tensorflow-yolov3/VOC2007/JPEGImages/000008.jpg 167,184,232,241,0 423,146,456,174,0 652,73,694,123,0 726,223,786,289,0 627,508,680,560,0 556,519,606,579,0
C:/Users/Administrator/Desktop/tensorflow-yolov3/VOC2007/JPEGImages/000274.jpg 710,23,818,106,2 631,70,748,146,2 367,270,499,356,2 296,331,419,430,2 235,389,333,474,2 147,429,269,502,2 154,505,281,607,2 54,511,156,586,2
C:/Users/Administrator/Desktop/tensorflow-yolov3/VOC2007/JPEGImages/000520.jpg 415,75,464,119,0 482,78,531,121,0 382,270,453,333,0 380,351,449,415,0 185,266,258,331,0
C:/Users/Administrator/Desktop/tensorflow-yolov3/VOC2007/JPEGImages/000132_0.jpg 567,512,614,540,3 693,498,747,523,3
C:/Users/Administrator/Desktop/tensorflow-yolov3/VOC2007/JPEGImages/000301_0.jpg 447,402,539,444,1 794,469,888,499,1
C:/Users/Administrator/Desktop/tensorflow-yolov3/VOC2007/JPEGImages/000534_1.jpg 181,213,259,270,2 114,277,233,323,2 266,199,351,324,2 369,204,455,339,2 90,337,323,397,2 487,220,547,331,2 564,233,627,371,2 445,371,641,441,2 653,210,712,405,2 902,80,1059,211,2 797,159,991,354,2 958,210,1136,361,2
C:/Users/Administrator/Desktop/tensorflow-yolov3/VOC2007/JPEGImages/000525_0.jpg 227,126,297,218,1 376,335,475,416,1 450,308,621,382,1 773,343,922,378,1 758,446,912,484,1
C:/Users/Administrator/Desktop/tensorflow-yolov3/VOC2007/JPEGImages/000319_0.jpg 318,117,362,168,1
C:/Users/Administrator/Desktop/tensorflow-yolov3/VOC2007/JPEGImages/000436.jpg 985,72,1022,128,3 874,270,934,310,3 912,319,967,358,3 773,320,821,355,3 780,379,826,414,3 732,401,777,434,3 615,384,667,422,3 613,450,664,487,3 556,475,608,513,3 286,597,339,633,3 290,532,338,569,3 195,484,234,540,3 159,381,191,437,3 148,253,174,312,3 81,98,110,157,3 41,641,97,663,3 106,623,151,646,3 399,485,449,512,3 568,413,615,437,3 953,242,1004,271,3 95,286,120,333,3
C:/Users/Administrator/Desktop/tensorflow-yolov3/VOC2007/JPEGImages/000452.jpg 129,166,163,213,3 514,221,571,261,3 757,342,813,379,3 472,196,507,233,3 428,174,478,218,3 151,378,195,418,3 107,498,150,538,3
C:/Users/Administrator/Desktop/tensorflow-yolov3/VOC2007/JPEGImages/000281_0.jpg 323,21,498,113,2 331,72,502,148,2 525,27,657,104,2 356,130,545,226,2 785,25,942,92,2 771,107,947,182,2 753,196,928,274,2 767,289,885,360,2 580,180,626,270,1
C:/Users/Administrator/Desktop/tensorflow-yolov3/VOC2007/JPEGImages/000412.jpg 595,270,650,332,3 747,232,794,287,3 700,360,769,410,3 786,336,850,392,3 860,316,917,364,3
C:/Users/Administrator/Desktop/tensorflow-yolov3/VOC2007/JPEGImages/000531.jpg 470,69,533,135,0 551,103,617,171,0 627,156,695,229,0 704,206,774,285,0 794,240,871,316,0 192,302,268,354,0 126,378,212,444,0 58,456,141,525,0 489,403,518,431,1 488,437,518,465,1
C:/Users/Administrator/Desktop/tensorflow-yolov3/VOC2007/JPEGImages/000508_0.jpg 92,394,155,430,1 276,144,319,170,1 364,139,427,159,1 514,88,572,123,1 1008,354,1071,390,1
C:/Users/Administrator/Desktop/tensorflow-yolov3/VOC2007/JPEGImages/000379.jpg 99,97,138,161,3 360,215,422,267,3
C:/Users/Administrator/Desktop/tensorflow-yolov3/VOC2007/JPEGImages/000408.jpg 513,83,578,134,3 439,164,499,206,3 459,241,520,281,3 523,275,583,301,3 405,284,474,332,3 306,282,374,322,3 284,333,350,372,3 183,366,240,402,3 199,232,264,276,3 192,132,251,176,3
C:/Users/Administrator/Desktop/tensorflow-yolov3/VOC2007/JPEGImages/000289_0.jpg 231,256,268,326,1 198,395,250,461,1 153,610,201,673,1
C:/Users/Administrator/Desktop/tensorflow-yolov3/VOC2007/JPEGImages/000396.jpg 16,68,53,134,3 33,146,77,212,3 112,155,157,221,3 204,125,257,183,3 171,249,233,291,3 525,492,567,561,3
C:/Users/Administrator/Desktop/tensorflow-yolov3/VOC2007/JPEGImages/000413.jpg 2,65,34,111,3 31,53,62,99,3 56,44,86,90,3 77,39,110,84,3 105,31,136,77,3 74,221,123,252,3 157,225,215,259,3 379,158,435,179,3
C:/Users/Administrator/Desktop/tensorflow-yolov3/VOC2007/JPEGImages/000499_0.jpg 74,100,119,153,1 208,158,286,195,1 473,49,557,91,1 388,273,510,324,1 542,460,653,516,1 793,228,879,286,1 954,81,1032,126,1
C:/Users/Administrator/Desktop/tensorflow-yolov3/VOC2007/JPEGImages/000003.jpg 227,106,268,155,0 318,126,370,185,0 445,88,516,168,0 363,336,438,420,0 455,331,529,415,0 68,316,170,411,0 69,423,180,525,0
C:/Users/Administrator/Desktop/tensorflow-yolov3/VOC2007/JPEGImages/000323_0.jpg 481,494,570,512,1
C:/Users/Administrator/Desktop/tensorflow-yolov3/VOC2007/JPEGImages/000022.jpg 50,725,97,771,0 360,481,410,539,0 520,369,565,421,0 571,330,617,381,0 561,620,611,682,0
C:/Users/Administrator/Desktop/tensorflow-yolov3/VOC2007/JPEGImages/000298.jpg 98,91,140,187,1 323,187,360,251,1 494,539,551,608,1 533,633,579,705,1
C:/Users/Administrator/Desktop/tensorflow-yolov3/VOC2007/JPEGImages/000294_0.jpg 287,106,346,189,1 368,118,423,201,1 206,186,269,278,1 291,218,352,314,1 323,332,382,418,1 539,366,609,457,1 626,419,687,509,1 717,437,775,530,1
C:/Users/Administrator/Desktop/tensorflow-yolov3/VOC2007/JPEGImages/000290_0.jpg 97,285,166,314,1 324,214,370,286,1 455,184,512,245,1
C:/Users/Administrator/Desktop/tensorflow-yolov3/VOC2007/JPEGImages/000433.jpg 318,560,347,619,3 321,500,346,551,3 592,610,651,637,3 328,402,388,430,3 555,319,582,375,3 640,316,667,368,3 815,309,846,370,3 844,310,875,367,3 870,308,897,363,3 895,309,919,356,3 918,306,943,354,3 990,232,1017,277,3 848,74,885,117,3 820,68,853,110,3 412,596,463,622,3 233,336,255,384,3 310,331,332,370,3 362,326,393,379,3 524,325,550,368,3 587,326,607,364,3 615,326,641,370,3 766,316,787,364,3 793,316,815,361,3 307,71,339,123,3 813,416,860,437,3 992,87,1013,134,3 994,170,1018,219,3 411,570,455,592,3
C:/Users/Administrator/Desktop/tensorflow-yolov3/VOC2007/JPEGImages/000054.jpg 698,253,788,350,0 422,444,493,506,0
C:/Users/Administrator/Desktop/tensorflow-yolov3/VOC2007/JPEGImages/000006.jpg 278,546,361,630,0 362,476,434,545,0 361,315,457,411,0 574,199,666,293,0
C:/Users/Administrator/Desktop/tensorflow-yolov3/VOC2007/JPEGImages/000031.jpg 21,258,97,333,0 109,216,180,288,0 209,262,281,346,0 297,219,368,288,0 436,258,507,347,0 508,229,582,294,0 613,279,691,357,0 682,232,757,300,0 796,282,874,352,0 861,235,934,302,0 975,285,1056,364,0 1038,243,1107,311,0
C:/Users/Administrator/Desktop/tensorflow-yolov3/VOC2007/JPEGImages/000534_0.jpg 181,213,259,270,2 114,277,233,323,2 266,199,351,324,2 369,204,455,339,2 90,337,323,397,2 487,220,547,331,2 564,233,627,371,2 445,371,641,441,2 653,210,712,405,2 902,80,1059,211,2 797,159,991,354,2 958,210,1136,361,2
C:/Users/Administrator/Desktop/tensorflow-yolov3/VOC2007/JPEGImages/000371.jpg 599,50,673,89,3 151,627,202,697,3 549,59,606,101,3
C:/Users/Administrator/Desktop/tensorflow-yolov3/VOC2007/JPEGImages/000377.jpg 398,587,474,626,3 457,664,528,713,3
C:/Users/Administrator/Desktop/tensorflow-yolov3/VOC2007/JPEGImages/000032.jpg 105,43,198,132,0 99,176,191,266,0 90,289,182,377,0 368,35,450,115,0 291,326,389,412,0 342,424,429,513,0 341,520,425,603,0
C:/Users/Administrator/Desktop/tensorflow-yolov3/VOC2007/JPEGImages/000525_3.jpg 227,126,297,218,1 376,335,475,416,1 450,308,621,382,1 773,343,922,378,1 758,446,912,484,1
C:/Users/Administrator/Desktop/tensorflow-yolov3/VOC2007/JPEGImages/000425.jpg 875,543,925,584,3 412,275,462,310,3 368,246,417,284,3 273,191,323,228,3 161,101,215,134,3 297,327,334,373,3 214,287,267,324,3 165,260,212,294,3 228,160,276,208,3 477,310,521,350,3 536,341,579,384,3 149,282,190,322,3 201,308,250,354,3
C:/Users/Administrator/Desktop/tensorflow-yolov3/VOC2007/JPEGImages/000387.jpg 505,412,574,456,3 425,434,483,475,3 350,462,413,503,3 254,498,319,541,3
C:/Users/Administrator/Desktop/tensorflow-yolov3/VOC2007/JPEGImages/000284.jpg 439,292,474,417,1 591,409,637,486,1 772,681,833,773,1 894,74,972,161,1 956,360,1045,458,1
C:/Users/Administrator/Desktop/tensorflow-yolov3/VOC2007/JPEGImages/000291_0.jpg 411,207,438,273,1 474,180,498,253,1 540,183,569,248,1 681,119,709,186,1 738,164,769,240,1 744,258,769,326,1 792,238,817,303,1 799,158,832,223,1
C:/Users/Administrator/Desktop/tensorflow-yolov3/VOC2007/JPEGImages/000289.jpg 231,256,268,326,1 198,395,250,461,1 153,610,201,673,1
C:/Users/Administrator/Desktop/tensorflow-yolov3/VOC2007/JPEGImages/000298_0.jpg 98,91,140,187,1 323,187,360,251,1 494,539,551,608,1 533,633,579,705,1
C:/Users/Administrator/Desktop/tensorflow-yolov3/VOC2007/JPEGImages/000512_0.jpg 59,115,121,159,1 120,362,174,406,1 666,359,705,398,1 825,44,886,88,1 815,261,879,319,1 794,449,833,488,1 931,409,976,453,1 1059,212,1127,275,1 1061,357,1119,407,1 1131,501,1170,540,1 1117,18,1161,61,1 651,517,705,556,1
C:/Users/Administrator/Desktop/tensorflow-yolov3/VOC2007/JPEGImages/000071.jpg 425,173,470,222,0 405,392,452,447,0 560,465,606,528,0
C:/Users/Administrator/Desktop/tensorflow-yolov3/VOC2007/JPEGImages/000016.jpg 52,515,152,594,0 233,393,312,452,0 258,472,333,529,0 272,546,368,622,0 175,109,258,187,0 463,9,543,93,0 521,124,618,197,0 451,229,535,311,0 773,352,856,425,0 891,282,973,370,0
C:/Users/Administrator/Desktop/tensorflow-yolov3/VOC2007/JPEGImages/000052.jpg 54,63,126,128,0 54,228,125,293,0 51,399,122,463,0 50,486,135,552,0 285,155,367,204,0 291,346,355,387,0 279,413,359,462,0 310,504,370,549,0 387,234,444,316,0 478,89,532,167,0 553,294,640,341,0 573,361,639,406,0 589,426,651,470,0 817,173,884,240,0 817,308,873,348,0 807,374,869,413,0 837,503,890,552,0 920,496,968,554,0
C:/Users/Administrator/Desktop/tensorflow-yolov3/VOC2007/JPEGImages/000500_0.jpg 63,245,121,318,1 363,102,401,174,1 509,31,543,99,1 467,250,517,331,1 751,269,786,354,1 987,104,1056,170,1 963,332,1023,406,1
C:/Users/Administrator/Desktop/tensorflow-yolov3/VOC2007/JPEGImages/000422.jpg 267,514,321,542,3 403,538,434,593,3 357,212,387,263,3 532,86,583,119,3 702,132,752,163,3 96,13,146,38,3 466,71,515,101,3 948,135,999,165,3 1008,150,1056,178,3 270,549,328,568,3
C:/Users/Administrator/Desktop/tensorflow-yolov3/VOC2007/JPEGImages/000535_1.jpg 51,85,101,238,2 127,79,194,221,2 236,70,385,207,2 339,33,526,180,2 71,353,337,416,2 93,457,154,548,2 183,450,251,570,2 276,443,347,591,2 357,275,417,406,2 463,179,530,258,2 550,164,622,263,2 639,163,706,290,2 719,175,775,313,2 790,189,848,328,2 852,231,938,366,2 832,386,945,437,2 829,463,952,520,2 778,519,955,591,2
C:/Users/Administrator/Desktop/tensorflow-yolov3/VOC2007/JPEGImages/000428.jpg 633,581,683,621,3 814,340,868,377,3 916,227,940,280,3 943,206,970,258,3 975,175,1002,233,3 942,57,985,112,3 879,138,934,165,3 699,308,760,334,3 642,362,700,389,3 613,387,665,413,3 678,103,717,153,3 655,121,696,168,3 606,150,648,200,3 591,169,626,215,3 565,182,606,231,3 544,197,586,249,3 524,221,564,266,3 498,292,543,335,3 506,318,548,356,3 527,338,570,378,3 558,362,585,416,3 591,359,614,403,3 612,327,638,382,3 501,395,548,439,3 482,368,525,407,3 456,349,507,397,3 438,329,487,375,3 418,308,474,352,3 406,285,458,323,3 398,256,445,294,3 391,229,435,258,3 374,199,428,232,3 352,335,410,368,3 350,378,392,415,3 395,409,460,463,3 442,204,484,251,3 468,185,509,232,3 516,157,552,201,3 536,142,572,185,3 553,118,593,172,3 577,109,617,157,3 598,87,639,141,3 547,50,589,102,3 505,92,539,135,3 479,105,515,149,3 431,131,470,180,3 404,143,446,197,3 126,387,154,449,3 202,416,232,459,3 465,456,515,505,3 525,445,577,467,3 578,445,627,466,3 605,419,652,440,3 495,658,539,703,3 640,316,666,356,3 673,290,698,333,3 676,338,730,363,3 728,228,753,273,3 730,284,785,306,3 568,38,608,77,3 599,28,633,68,3 625,75,661,116,3 907,111,958,139,3 843,166,899,191,3 790,613,834,667,3 475,253,521,296,3 504,240,542,279,3
C:/Users/Administrator/Desktop/tensorflow-yolov3/VOC2007/JPEGImages/000324.jpg 511,454,625,474,1 905,478,975,545,1
C:/Users/Administrator/Desktop/tensorflow-yolov3/VOC2007/JPEGImages/000509.jpg 234,132,306,183,0 298,133,374,204,0 449,136,524,203,0 538,139,585,191,0 599,137,674,205,0 144,279,203,345,0 215,280,277,347,0 286,276,351,347,0 559,284,613,351,0 622,286,679,354,0
C:/Users/Administrator/Desktop/tensorflow-yolov3/VOC2007/JPEGImages/000503_0.jpg 28,118,78,159,1 137,226,199,263,1 333,154,397,188,1 292,370,371,416,1 557,88,644,123,1 613,407,695,453,1 739,99,826,135,1 868,463,951,496,1 1009,58,1077,91,1 1083,185,1160,215,1 1155,448,1259,483,1
C:/Users/Administrator/Desktop/tensorflow-yolov3/VOC2007/JPEGImages/000450.jpg 547,152,577,211,3 555,469,588,532,3 645,631,699,666,3 489,122,518,173,3 482,340,515,396,3
C:/Users/Administrator/Desktop/tensorflow-yolov3/VOC2007/JPEGImages/000055.jpg 278,478,324,512,0 133,719,188,784,0 253,729,324,793,0 226,662,301,728,0 260,606,314,676,0 319,585,381,658,0 492,604,570,707,0 618,656,691,719,0 605,736,678,801,0
C:/Users/Administrator/Desktop/tensorflow-yolov3/VOC2007/JPEGImages/000270_0.jpg 119,12,246,143,2 217,38,331,172,2 287,82,396,213,2 363,124,483,271,2 466,181,549,307,2 532,218,613,344,2 601,253,698,393,2
C:/Users/Administrator/Desktop/tensorflow-yolov3/VOC2007/JPEGImages/000002.jpg 100,256,170,319,0 575,139,668,240,0 753,382,843,484,0 313,648,415,764,0 434,674,527,787,0
C:/Users/Administrator/Desktop/tensorflow-yolov3/VOC2007/JPEGImages/000001.jpg 575,114,635,162,0 72,305,133,369,0 210,317,273,384,0 306,374,344,420,0 447,531,535,632,0 546,605,625,707,0 632,680,720,790,0
C:/Users/Administrator/Desktop/tensorflow-yolov3/VOC2007/JPEGImages/000375.jpg 145,346,213,402,3 275,225,369,305,3
C:/Users/Administrator/Desktop/tensorflow-yolov3/VOC2007/JPEGImages/000039.jpg 138,116,218,198,0 65,225,150,291,0 33,336,140,410,0 188,476,264,549,0 504,96,588,184,0 623,77,708,162,0 734,39,827,131,0 965,66,1059,140,0 1014,170,1095,245,0 1019,281,1127,366,0
C:/Users/Administrator/Desktop/tensorflow-yolov3/VOC2007/JPEGImages/000306.jpg 401,65,421,98,1 449,159,466,189,1 619,513,644,543,1 843,596,863,627,1
C:/Users/Administrator/Desktop/tensorflow-yolov3/VOC2007/JPEGImages/000447.jpg 180,268,232,295,3 374,256,436,283,3 442,254,492,280,3 652,261,709,290,3 769,202,800,253,3 949,352,994,378,3 121,277,178,296,3 527,255,570,278,3 586,257,631,284,3
C:/Users/Administrator/Desktop/tensorflow-yolov3/VOC2007/JPEGImages/000275_1.jpg 229,165,371,265,2 163,246,292,338,2 68,338,184,428,2
C:/Users/Administrator/Desktop/tensorflow-yolov3/VOC2007/JPEGImages/000277.jpg 291,156,387,287,2 409,163,481,268,2 502,168,564,254,2
C:/Users/Administrator/Desktop/tensorflow-yolov3/VOC2007/JPEGImages/000281_1.jpg 323,21,498,113,2 331,72,502,148,2 525,27,657,104,2 356,130,545,226,2 785,25,942,92,2 771,107,947,182,2 753,196,928,274,2 767,289,885,360,2 580,180,626,270,1
C:/Users/Administrator/Desktop/tensorflow-yolov3/VOC2007/JPEGImages/000273_1.jpg 147,27,281,92,2 133,325,292,393,2 147,424,290,472,2 182,481,296,536,2
C:/Users/Administrator/Desktop/tensorflow-yolov3/VOC2007/JPEGImages/000037.jpg 74,61,152,167,0 70,248,156,333,0 74,441,182,537,0 256,53,337,145,0 332,175,423,262,0 321,263,429,351,0 337,354,422,440,0 350,534,437,620,0 626,95,709,169,0 624,169,706,258,0 635,331,743,432,0 774,28,851,122,0 847,229,956,321,0 858,404,966,490,0
C:/Users/Administrator/Desktop/tensorflow-yolov3/VOC2007/JPEGImages/000026.jpg 39,120,108,197,0 135,114,207,189,0 218,113,286,178,0 298,110,366,188,0 382,113,449,187,0 597,101,669,175,0 774,97,844,166,0 938,83,1002,157,0 965,31,1047,94,0 82,488,150,544,0 165,461,234,535,0 244,450,325,549,0 349,456,432,550,0 462,446,543,544,0 595,439,682,530,0 695,440,780,535,0 805,435,887,530,0 907,419,1007,532,0 1014,432,1068,487,0 478,214,546,290,0 475,350,544,398,0
C:/Users/Administrator/Desktop/tensorflow-yolov3/VOC2007/JPEGImages/000283_1.jpg 463,99,589,140,2 488,157,609,229,2 501,222,617,281,2 511,263,636,324,2 517,314,654,374,2 528,365,667,419,2 537,408,683,484,2 408,29,509,96,2
C:/Users/Administrator/Desktop/tensorflow-yolov3/VOC2007/JPEGImages/000521_0.jpg 124,268,271,373,2 71,343,226,445,2 468,57,552,134,2 590,52,656,140,2 695,46,761,137,2 778,36,853,127,2 861,31,932,117,2 929,15,983,110,2 831,268,896,384,2 937,242,1044,292,2 919,324,1070,374,2
C:/Users/Administrator/Desktop/tensorflow-yolov3/VOC2007/JPEGImages/000531_0.jpg 470,69,533,135,0 551,103,617,171,0 627,156,695,229,0 704,206,774,285,0 794,240,871,316,0 192,302,268,354,0 126,378,212,444,0 58,456,141,525,0 489,403,518,431,1 488,437,518,465,1
C:/Users/Administrator/Desktop/tensorflow-yolov3/VOC2007/JPEGImages/000265_0.jpg 301,128,424,244,2 451,145,616,242,2 416,223,561,309,2 394,299,529,382,2 647,236,828,343,2 593,303,778,411,2
C:/Users/Administrator/Desktop/tensorflow-yolov3/VOC2007/JPEGImages/000623_0.jpg 81,106,162,203,2 194,106,264,199,2 304,100,371,184,2 394,97,453,190,2 488,104,546,192,2 649,100,734,212,2 795,110,874,214,2 925,113,1006,220,2
C:/Users/Administrator/Desktop/tensorflow-yolov3/VOC2007/JPEGImages/000302_0.jpg 146,134,197,202,1 264,314,291,380,1 307,581,352,629,1 421,75,457,137,1 589,84,628,144,1
C:/Users/Administrator/Desktop/tensorflow-yolov3/VOC2007/JPEGImages/000325_0.jpg 265,428,319,535,1 411,593,510,621,1
C:/Users/Administrator/Desktop/tensorflow-yolov3/VOC2007/JPEGImages/000505_0.jpg 36,37,106,62,1 48,165,113,215,1 4,314,33,351,1 124,347,162,410,1 339,139,421,185,1 306,374,388,459,1 500,57,550,90,1 572,270,618,356,1 559,444,603,518,1 663,38,718,92,1
C:/Users/Administrator/Desktop/tensorflow-yolov3/VOC2007/JPEGImages/000302.jpg 146,134,197,202,1 264,314,291,380,1 307,581,352,629,1 421,75,457,137,1 589,84,628,144,1
C:/Users/Administrator/Desktop/tensorflow-yolov3/VOC2007/JPEGImages/000043.jpg 25,193,84,243,0 81,112,153,173,0 121,40,201,107,0 216,44,264,100,0 292,31,363,101,0 378,29,439,90,0 38,287,115,368,0 117,326,187,411,0 206,216,290,278,0 320,174,380,243,0 407,166,468,231,0 479,160,559,246,0 579,172,639,236,0 655,155,733,236,0 862,190,910,249,0 357,363,432,451,0 454,361,531,448,0 539,358,626,450,0 375,514,463,612,0 481,513,558,596,0 579,511,658,607,0 638,367,721,445,0 674,515,755,606,0 768,506,853,605,0 885,363,941,424,0
C:/Users/Administrator/Desktop/tensorflow-yolov3/VOC2007/JPEGImages/000063.jpg 199,452,251,500,0 396,93,430,125,0
C:/Users/Administrator/Desktop/tensorflow-yolov3/VOC2007/JPEGImages/000282_0.jpg 21,184,58,268,2 71,183,114,279,2 121,182,165,278,2 179,180,220,272,2 236,178,279,269,2 295,172,347,265,2 357,166,410,265,2 423,167,479,258,2 511,162,573,258,2 585,154,662,259,2 694,163,765,251,2 777,157,843,248,2
C:/Users/Administrator/Desktop/tensorflow-yolov3/VOC2007/JPEGImages/000424.jpg 293,224,343,265,3 440,312,489,352,3 574,389,622,428,3 806,263,856,302,3 855,316,891,363,3 828,241,875,280,3 796,288,837,326,3
C:/Users/Administrator/Desktop/tensorflow-yolov3/VOC2007/JPEGImages/000015.jpg 117,111,218,204,0 112,217,212,309,0 111,319,226,419,0 464,195,584,295,0 706,48,808,144,0 720,153,842,253,0 734,250,851,361,0 752,366,861,472,0
C:/Users/Administrator/Desktop/tensorflow-yolov3/VOC2007/JPEGImages/000519_0.jpg 703,66,790,112,1 844,121,933,173,1 884,329,939,369,1
C:/Users/Administrator/Desktop/tensorflow-yolov3/VOC2007/JPEGImages/000025.jpg 57,37,130,120,0 283,524,328,581,0 353,492,426,570,0 433,444,480,493,0 702,600,771,647,0 764,554,833,597,0
C:/Users/Administrator/Desktop/tensorflow-yolov3/VOC2007/JPEGImages/000508.jpg 92,394,155,430,1 276,144,319,170,1 364,139,427,159,1 514,88,572,123,1 1008,354,1071,390,1
C:/Users/Administrator/Desktop/tensorflow-yolov3/VOC2007/JPEGImages/000418.jpg 16,183,75,222,3 78,341,129,381,3 82,377,145,414,3 94,410,158,453,3 8,519,71,569,3
C:/Users/Administrator/Desktop/tensorflow-yolov3/VOC2007/JPEGImages/000369.jpg 122,45,182,77,3 701,531,767,584,3 868,623,928,674,3
C:/Users/Administrator/Desktop/tensorflow-yolov3/VOC2007/JPEGImages/000046.jpg 83,84,159,144,0 38,177,152,266,0 41,290,159,380,0 66,414,129,480,0 23,486,102,543,0 17,567,102,626,0 344,32,419,90,0 324,113,408,172,0 335,195,423,255,0 314,342,392,406,0 290,429,383,491,0 336,510,425,570,0 233,564,290,647,0 348,579,426,663,0 744,90,819,144,0 737,168,807,222,0 723,245,800,296,0 681,312,750,383,0 699,398,785,459,0 693,537,770,599,0 695,624,770,692,0 780,633,852,687,0 989,12,1074,77,0 954,99,1043,156,0 1001,165,1085,222,0 1008,246,1085,320,0 950,357,1058,417,0 1008,437,1101,494,0 1023,519,1094,578,0 1025,620,1088,699,0 1121,225,1187,312,0
C:/Users/Administrator/Desktop/tensorflow-yolov3/VOC2007/JPEGImages/000442.jpg 110,179,152,205,3 274,209,322,242,3 716,591,776,632,3 871,119,930,158,3 1028,68,1055,116,3 991,177,1018,230,3
C:/Users/Administrator/Desktop/tensorflow-yolov3/VOC2007/JPEGImages/000021.jpg 31,137,88,211,0 168,139,222,204,0 228,131,309,212,0 325,140,385,201,0 517,116,585,186,0 760,114,830,183,0 1023,98,1079,161,0 1008,12,1086,64,0 36,302,99,378,0 254,286,323,360,0 345,284,401,355,0 542,268,610,344,0 633,262,702,337,0 732,334,797,400,0 882,369,961,426,0 988,250,1055,324,0 1069,241,1137,322,0
C:/Users/Administrator/Desktop/tensorflow-yolov3/VOC2007/JPEGImages/000067.jpg 222,363,274,421,0 362,272,410,314,0 498,170,559,231,0 466,479,495,511,0 539,673,592,734,0 768,237,809,282,0 787,296,831,340,0
C:/Users/Administrator/Desktop/tensorflow-yolov3/VOC2007/JPEGImages/000274_0.jpg 710,23,818,106,2 631,70,748,146,2 367,270,499,356,2 296,331,419,430,2 235,389,333,474,2 147,429,269,502,2 154,505,281,607,2 54,511,156,586,2
C:/Users/Administrator/Desktop/tensorflow-yolov3/VOC2007/JPEGImages/000301.jpg 447,402,539,444,1 794,469,888,499,1
C:/Users/Administrator/Desktop/tensorflow-yolov3/VOC2007/JPEGImages/000511_0.jpg 86,67,123,125,1 189,333,248,429,1 386,215,408,271,1 445,398,488,510,1 587,98,622,168,1 573,254,593,314,1 788,73,822,141,1 798,269,829,370,1
C:/Users/Administrator/Desktop/tensorflow-yolov3/VOC2007/JPEGImages/000079.jpg 236,116,312,188,0 452,290,544,366,0 517,370,588,437,0
C:/Users/Administrator/Desktop/tensorflow-yolov3/VOC2007/JPEGImages/000280_1.jpg 348,64,481,128,2 337,149,502,210,2 342,200,519,264,2 348,264,540,322,2 355,321,537,393,2 388,397,564,474,2
C:/Users/Administrator/Desktop/tensorflow-yolov3/VOC2007/JPEGImages/000405.jpg 294,40,340,98,3 213,170,260,231,3 457,524,537,590,3
C:/Users/Administrator/Desktop/tensorflow-yolov3/VOC2007/JPEGImages/000445.jpg 661,92,709,149,3 985,519,1029,570,3 730,303,770,337,3 869,358,912,403,3
C:/Users/Administrator/Desktop/tensorflow-yolov3/VOC2007/JPEGImages/000070.jpg 40,82,102,134,0 74,134,147,194,0 170,253,221,303,0 211,308,276,368,0 382,227,416,262,0 430,290,468,323,0 409,540,449,590,0 486,510,526,551,0 555,421,603,483,0 632,633,687,699,0 691,584,745,649,0
C:/Users/Administrator/Desktop/tensorflow-yolov3/VOC2007/JPEGImages/000287.jpg 355,191,426,222,1 114,517,183,557,1
C:/Users/Administrator/Desktop/tensorflow-yolov3/VOC2007/JPEGImages/000451.jpg 918,169,959,221,3 817,345,851,392,3 775,418,811,463,3 925,223,955,271,3 717,482,767,545,3
C:/Users/Administrator/Desktop/tensorflow-yolov3/VOC2007/JPEGImages/000525_1.jpg 227,126,297,218,1 376,335,475,416,1 450,308,621,382,1 773,343,922,378,1 758,446,912,484,1
C:/Users/Administrator/Desktop/tensorflow-yolov3/VOC2007/JPEGImages/000005.jpg 135,412,182,472,0 295,420,347,470,0 369,363,415,419,0 444,320,534,432,0 608,171,704,255,0 656,62,754,157,0 317,555,386,627,0 479,695,542,769,0
C:/Users/Administrator/Desktop/tensorflow-yolov3/VOC2007/JPEGImages/000272.jpg 231,17,390,96,2 260,70,415,166,2 297,122,450,218,2 333,178,491,265,2 362,232,522,323,2 396,284,551,387,2 435,344,585,438,2 465,389,633,505,2
C:/Users/Administrator/Desktop/tensorflow-yolov3/VOC2007/JPEGImages/000384.jpg 91,476,157,518,3 25,534,91,582,3 127,498,195,548,3
C:/Users/Administrator/Desktop/tensorflow-yolov3/VOC2007/JPEGImages/000276_0.jpg 154,336,228,419,2 410,300,480,366,2 721,248,791,311,2 798,235,866,298,2 878,222,964,297,2 259,336,287,403,1 895,409,956,437,1 984,395,1040,415,1
C:/Users/Administrator/Desktop/tensorflow-yolov3/VOC2007/JPEGImages/000439.jpg 393,99,440,146,3 343,145,385,180,3 617,283,679,343,3 295,181,347,218,3 253,218,300,248,3 72,284,104,331,3
C:/Users/Administrator/Desktop/tensorflow-yolov3/VOC2007/JPEGImages/000501_0.jpg 442,61,474,132,1 653,200,724,264,1 436,379,524,473,1
C:/Users/Administrator/Desktop/tensorflow-yolov3/VOC2007/JPEGImages/000275_0.jpg 229,165,371,265,2 163,246,292,338,2 68,338,184,428,2
C:/Users/Administrator/Desktop/tensorflow-yolov3/VOC2007/JPEGImages/000409.jpg 339,392,415,458,3 518,533,586,599,3
C:/Users/Administrator/Desktop/tensorflow-yolov3/VOC2007/JPEGImages/000268_0.jpg 506,41,626,156,2 452,83,579,194,2 390,132,521,251,2 324,189,451,318,2 240,243,377,394,2 138,325,291,482,2 33,419,188,591,2
C:/Users/Administrator/Desktop/tensorflow-yolov3/VOC2007/JPEGImages/000453.jpg 84,508,131,567,0 156,311,211,352,0 350,249,405,297,0 599,68,639,114,0 650,47,683,87,0 698,48,747,97,0 761,135,802,166,0 725,189,782,231,0 679,251,763,300,0 684,389,747,446,0 759,463,823,511,0 861,16,930,60,0
C:/Users/Administrator/Desktop/tensorflow-yolov3/VOC2007/JPEGImages/000503.jpg 28,118,78,159,1 137,226,199,263,1 333,154,397,188,1 292,370,371,416,1 557,88,644,123,1 613,407,695,453,1 739,99,826,135,1 868,463,951,496,1 1009,58,1077,91,1 1083,185,1160,215,1 1155,448,1259,483,1
C:/Users/Administrator/Desktop/tensorflow-yolov3/VOC2007/JPEGImages/000562.jpg 102,380,163,433,0 87,519,159,574,0 188,383,252,444,0 284,372,340,431,0 202,223,252,274,0 279,173,337,228,0 394,84,444,128,0 598,22,663,69,0 585,139,654,194,0 697,177,745,229,0 796,160,854,216,0 727,349,794,415,0 939,233,1000,287,0 914,304,983,357,0
C:/Users/Administrator/Desktop/tensorflow-yolov3/VOC2007/JPEGImages/000448.jpg 109,293,138,342,3 246,385,296,411,3 449,277,497,306,3 472,335,512,357,3 527,175,589,204,3 598,293,655,320,3 789,206,845,233,3 874,197,941,232,3 467,381,516,402,3
C:/Users/Administrator/Desktop/tensorflow-yolov3/VOC2007/JPEGImages/000024.jpg 58,155,104,215,0 191,150,248,212,0 258,119,319,190,0 475,120,521,178,0 523,92,600,167,0 608,105,655,162,0 662,72,749,159,0 772,54,867,144,0 891,77,971,153,0 875,299,950,354,0
C:/Users/Administrator/Desktop/tensorflow-yolov3/VOC2007/JPEGImages/000060.jpg 764,206,821,254,0 712,288,820,379,0 667,387,748,455,0 575,581,657,655,0
C:/Users/Administrator/Desktop/tensorflow-yolov3/VOC2007/JPEGImages/000517_0.jpg 26,157,98,189,1 156,223,242,259,1 414,20,456,75,1 420,243,503,274,1 347,414,425,436,1 622,211,736,289,1 546,493,591,517,1 1079,198,1104,268,1 912,456,939,494,1
C:/Users/Administrator/Desktop/tensorflow-yolov3/VOC2007/JPEGImages/000062.jpg 219,349,323,436,0 91,537,197,625,0 521,440,588,524,0 718,117,758,165,0 798,516,883,623,0
C:/Users/Administrator/Desktop/tensorflow-yolov3/VOC2007/JPEGImages/000280_0.jpg 348,64,481,128,2 337,149,502,210,2 342,200,519,264,2 348,264,540,322,2 355,321,537,393,2 388,397,564,474,2
C:/Users/Administrator/Desktop/tensorflow-yolov3/VOC2007/JPEGImages/000440.jpg 774,202,825,236,3 562,226,590,285,3 458,265,487,318,3 464,318,498,390,3 480,467,508,522,3 234,135,293,174,3 177,283,211,333,3 163,432,196,484,3 118,400,152,449,3 63,379,98,428,3 80,69,133,100,3 76,96,124,125,3 72,124,118,158,3 68,155,117,191,3 349,30,384,85,3
C:/Users/Administrator/Desktop/tensorflow-yolov3/VOC2007/JPEGImages/000431.jpg 718,293,751,346,3 781,271,815,332,3 970,235,1006,288,3
C:/Users/Administrator/Desktop/tensorflow-yolov3/VOC2007/JPEGImages/000502_0.jpg 62,445,106,497,1 93,281,165,346,1 266,329,317,382,1 345,96,392,160,1 523,25,580,60,1 645,150,691,215,1 664,248,740,299,1 502,411,585,442,1 803,60,859,92,1 877,93,934,123,1 909,248,970,275,1 847,425,916,492,1 998,70,1047,103,1 1065,158,1112,183,1 1134,127,1175,165,1
C:/Users/Administrator/Desktop/tensorflow-yolov3/VOC2007/JPEGImages/000394.jpg 486,265,528,332,3 550,484,592,559,3 571,566,613,624,3 595,639,634,706,3
C:/Users/Administrator/Desktop/tensorflow-yolov3/VOC2007/JPEGImages/000514.jpg 377,60,449,118,0 345,123,425,186,0 299,185,380,258,0 392,269,433,319,0 490,315,577,393,0 540,262,592,306,0 561,209,610,249,0
C:/Users/Administrator/Desktop/tensorflow-yolov3/VOC2007/JPEGImages/000035.jpg 100,107,182,179,0 98,208,188,278,0 106,312,179,381,0 83,405,190,503,0 370,185,441,250,0 359,260,448,333,0
C:/Users/Administrator/Desktop/tensorflow-yolov3/VOC2007/JPEGImages/000276.jpg 154,336,228,419,2 410,300,480,366,2 721,248,791,311,2 798,235,866,298,2 878,222,964,297,2 259,336,287,403,1 895,409,956,437,1 984,395,1040,415,1
C:/Users/Administrator/Desktop/tensorflow-yolov3/VOC2007/JPEGImages/000269_0.jpg 544,30,650,117,2 462,73,577,157,2 371,106,483,202,2 280,149,387,249,2 235,170,313,265,2
C:/Users/Administrator/Desktop/tensorflow-yolov3/VOC2007/JPEGImages/000277_1.jpg 291,156,387,287,2 409,163,481,268,2 502,168,564,254,2
C:/Users/Administrator/Desktop/tensorflow-yolov3/VOC2007/JPEGImages/000004.jpg 401,596,443,636,0 606,138,668,199,0
C:/Users/Administrator/Desktop/tensorflow-yolov3/VOC2007/JPEGImages/000269_1.jpg 544,30,650,117,2 462,73,577,157,2 371,106,483,202,2 280,149,387,249,2 235,170,313,265,2
C:/Users/Administrator/Desktop/tensorflow-yolov3/VOC2007/JPEGImages/000532.jpg 65,274,193,377,2 164,225,271,328,2 250,173,348,277,2 329,140,415,222,2 428,28,508,166,2 513,34,579,172,2 577,39,640,170,2 640,43,694,169,2 696,40,742,170,2 748,44,787,176,2 793,41,833,178,2 835,40,878,181,2 672,195,836,232,2 674,232,937,284,2 672,284,934,338,2 675,344,945,396,2 667,405,951,470,2 663,479,962,542,2
C:/Users/Administrator/Desktop/tensorflow-yolov3/VOC2007/JPEGImages/000443.jpg 150,17,203,63,3 126,103,180,152,3 363,141,404,176,3 400,162,452,206,3 523,230,563,268,3 400,336,451,382,3 917,355,961,386,3 926,403,976,430,3 742,105,762,155,3
C:/Users/Administrator/Desktop/tensorflow-yolov3/VOC2007/JPEGImages/000308_0.jpg 777,289,872,332,1 332,369,360,442,1
C:/Users/Administrator/Desktop/tensorflow-yolov3/VOC2007/JPEGImages/000429.jpg 336,329,390,367,3 337,505,374,557,3 502,180,539,231,3 630,135,681,173,3 670,72,712,111,3 642,101,700,146,3 684,42,724,74,3 621,165,660,193,3 458,264,489,311,3 431,322,461,367,3 281,627,312,663,3 279,410,329,447,3
C:/Users/Administrator/Desktop/tensorflow-yolov3/VOC2007/JPEGImages/000386.jpg 83,123,129,154,3 101,164,135,213,3 272,124,323,157,3 559,30,608,62,3 641,33,698,69,3
C:/Users/Administrator/Desktop/tensorflow-yolov3/VOC2007/JPEGImages/000007.jpg 208,361,272,418,0 234,429,289,481,0 322,473,376,540,0 313,631,384,697,0
C:/Users/Administrator/Desktop/tensorflow-yolov3/VOC2007/JPEGImages/000267.jpg 254,70,334,226,2 331,95,416,245,2 420,130,492,260,2
C:/Users/Administrator/Desktop/tensorflow-yolov3/VOC2007/JPEGImages/000380.jpg 834,417,908,477,3 132,95,214,177,3
C:/Users/Administrator/Desktop/tensorflow-yolov3/VOC2007/JPEGImages/000489_0.jpg 720,24,797,42,1 867,99,953,120,1 221,95,257,119,1 167,249,225,275,1 135,437,206,461,1 471,185,541,230,1 681,214,753,253,1
C:/Users/Administrator/Desktop/tensorflow-yolov3/VOC2007/JPEGImages/000048.jpg 199,92,267,145,0 56,368,116,416,0 293,183,359,230,0 404,304,482,360,0 413,391,493,448,0 574,207,664,279,0 582,318,678,402,0 562,431,667,523,0
C:/Users/Administrator/Desktop/tensorflow-yolov3/VOC2007/JPEGImages/000325.jpg 265,428,319,535,1 411,593,510,621,1
C:/Users/Administrator/Desktop/tensorflow-yolov3/VOC2007/JPEGImages/000305_0.jpg 549,428,601,495,1
C:/Users/Administrator/Desktop/tensorflow-yolov3/VOC2007/JPEGImages/000533_0.jpg 132,49,235,74,2 136,87,237,122,2 133,142,234,182,2 126,213,234,256,2 111,292,226,345,2 98,385,200,464,2 365,25,423,88,2 441,21,494,101,2 390,120,495,161,2 829,302,901,343,2 823,365,921,408,2 836,433,948,491,2
C:/Users/Administrator/Desktop/tensorflow-yolov3/VOC2007/JPEGImages/000049.jpg 79,286,142,342,0 159,284,211,354,0 230,270,291,337,0 308,271,367,344,0 464,262,524,324,0 507,201,578,263,0 623,81,689,134,0 652,12,729,79,0 56,525,109,579,0 200,548,264,613,0 360,588,415,628,0 696,296,768,353,0 756,231,818,299,0 1020,398,1085,471,0
C:/Users/Administrator/Desktop/tensorflow-yolov3/VOC2007/JPEGImages/000310.jpg 451,300,549,411,1 730,58,843,186,1
C:/Users/Administrator/Desktop/tensorflow-yolov3/VOC2007/JPEGImages/000324_0.jpg 511,454,625,474,1 905,478,975,545,1
C:/Users/Administrator/Desktop/tensorflow-yolov3/VOC2007/JPEGImages/000268.jpg 506,41,626,156,2 452,83,579,194,2 390,132,521,251,2 324,189,451,318,2 240,243,377,394,2 138,325,291,482,2 33,419,188,591,2
C:/Users/Administrator/Desktop/tensorflow-yolov3/VOC2007/JPEGImages/000270_1.jpg 119,12,246,143,2 217,38,331,172,2 287,82,396,213,2 363,124,483,271,2 466,181,549,307,2 532,218,613,344,2 601,253,698,393,2
C:/Users/Administrator/Desktop/tensorflow-yolov3/VOC2007/JPEGImages/000320_0.jpg 601,433,634,532,1
C:/Users/Administrator/Desktop/tensorflow-yolov3/VOC2007/JPEGImages/000297.jpg 108,49,181,101,1 180,273,230,348,1 767,278,853,327,1
C:/Users/Administrator/Desktop/tensorflow-yolov3/VOC2007/JPEGImages/000288.jpg 113,327,170,369,1
C:/Users/Administrator/Desktop/tensorflow-yolov3/VOC2007/JPEGImages/000293_0.jpg 89,73,151,127,1 329,322,391,378,1 967,285,1007,325,1 866,530,901,603,1
C:/Users/Administrator/Desktop/tensorflow-yolov3/VOC2007/JPEGImages/000522_0.jpg 294,54,330,157,2 180,126,330,159,2 170,196,323,250,2 158,283,281,323,2 299,274,486,306,2 371,27,477,64,2 366,94,490,147,2 357,183,490,240,2 534,28,655,88,2 547,126,673,185,2 555,220,685,276,2 560,315,694,374,2 563,410,755,447,2
C:/Users/Administrator/Desktop/tensorflow-yolov3/VOC2007/JPEGImages/000516_0.jpg 90,159,165,205,1 364,45,442,81,1 214,267,293,297,1 107,484,195,519,1 437,267,483,314,1 428,467,504,541,1 597,48,655,72,1 601,215,676,252,1 857,103,909,129,1 764,419,821,443,1
C:/Users/Administrator/Desktop/tensorflow-yolov3/VOC2007/JPEGImages/000388.jpg 380,386,445,427,3 251,424,312,465,3 127,460,184,500,3 742,199,810,240,3
C:/Users/Administrator/Desktop/tensorflow-yolov3/VOC2007/JPEGImages/000392.jpg 911,213,976,253,3 503,206,568,246,3 308,297,358,360,3 96,453,157,491,3 181,114,232,163,3
C:/Users/Administrator/Desktop/tensorflow-yolov3/VOC2007/JPEGImages/000419.jpg 658,108,732,169,3 615,208,674,251,3 635,517,684,594,3 701,586,755,645,3 671,662,736,693,3 845,640,908,685,3
C:/Users/Administrator/Desktop/tensorflow-yolov3/VOC2007/JPEGImages/000278.jpg 229,221,280,296,2 288,199,341,298,2 356,193,417,289,2 428,178,483,283,2
C:/Users/Administrator/Desktop/tensorflow-yolov3/VOC2007/JPEGImages/000286_0.jpg 106,55,195,77,1 402,53,494,77,1 508,55,597,79,1 36,89,83,165,1 73,429,164,452,1 278,458,353,479,1 560,561,587,652,1 805,435,890,459,1 971,442,1036,506,1
C:/Users/Administrator/Desktop/tensorflow-yolov3/VOC2007/JPEGImages/000390.jpg 331,68,373,128,3 437,322,481,390,3 514,503,557,573,3 895,54,958,96,3
C:/Users/Administrator/Desktop/tensorflow-yolov3/VOC2007/JPEGImages/000276_1.jpg 154,336,228,419,2 410,300,480,366,2 721,248,791,311,2 798,235,866,298,2 878,222,964,297,2 259,336,287,403,1 895,409,956,437,1 984,395,1040,415,1
C:/Users/Administrator/Desktop/tensorflow-yolov3/VOC2007/JPEGImages/000505.jpg 36,37,106,62,1 48,165,113,215,1 4,314,33,351,1 124,347,162,410,1 339,139,421,185,1 306,374,388,459,1 500,57,550,90,1 572,270,618,356,1 559,444,603,518,1 663,38,718,92,1
C:/Users/Administrator/Desktop/tensorflow-yolov3/VOC2007/JPEGImages/000030.jpg 167,74,240,162,0 265,86,344,175,0 68,440,141,520,0 149,413,224,491,0 254,407,326,483,0 353,410,438,500,0 453,412,537,503,0 707,422,788,516,0 810,434,883,511,0
C:/Users/Administrator/Desktop/tensorflow-yolov3/VOC2007/JPEGImages/000323.jpg 481,494,570,512,1
C:/Users/Administrator/Desktop/tensorflow-yolov3/VOC2007/JPEGImages/000012.jpg 55,9,168,114,0 79,133,160,203,0 72,230,163,320,0 61,325,166,427,0 65,437,169,536,0 287,74,380,168,0 280,191,386,296,0 283,321,390,423,0 285,435,390,540,0 474,211,578,312,0 562,60,668,158,0 564,332,668,424,0 567,437,665,531,0
C:/Users/Administrator/Desktop/tensorflow-yolov3/VOC2007/JPEGImages/000499.jpg 74,100,119,153,1 208,158,286,195,1 473,49,557,91,1 388,273,510,324,1 542,460,653,516,1 793,228,879,286,1 954,81,1032,126,1
C:/Users/Administrator/Desktop/tensorflow-yolov3/VOC2007/JPEGImages/000132_2.jpg 567,512,614,540,3 693,498,747,523,3
C:/Users/Administrator/Desktop/tensorflow-yolov3/VOC2007/JPEGImages/000265_1.jpg 301,128,424,244,2 451,145,616,242,2 416,223,561,309,2 394,299,529,382,2 647,236,828,343,2 593,303,778,411,2
C:/Users/Administrator/Desktop/tensorflow-yolov3/VOC2007/JPEGImages/000370.jpg 26,46,65,133,3 725,120,761,198,3 871,498,943,535,3
C:/Users/Administrator/Desktop/tensorflow-yolov3/VOC2007/JPEGImages/000534.jpg 181,213,259,270,2 114,277,233,323,2 266,199,351,324,2 369,204,455,339,2 90,337,323,397,2 487,220,547,331,2 564,233,627,371,2 445,371,641,441,2 653,210,712,405,2 902,80,1059,211,2 797,159,991,354,2 958,210,1136,361,2
C:/Users/Administrator/Desktop/tensorflow-yolov3/VOC2007/JPEGImages/000522_1.jpg 294,54,330,157,2 180,126,330,159,2 170,196,323,250,2 158,283,281,323,2 299,274,486,306,2 371,27,477,64,2 366,94,490,147,2 357,183,490,240,2 534,28,655,88,2 547,126,673,185,2 555,220,685,276,2 560,315,694,374,2 563,410,755,447,2
C:/Users/Administrator/Desktop/tensorflow-yolov3/VOC2007/JPEGImages/000511.jpg 86,67,123,125,1 189,333,248,429,1 386,215,408,271,1 445,398,488,510,1 587,98,622,168,1 573,254,593,314,1 788,73,822,141,1 798,269,829,370,1
C:/Users/Administrator/Desktop/tensorflow-yolov3/VOC2007/JPEGImages/000267_1.jpg 254,70,334,226,2 331,95,416,245,2 420,130,492,260,2
C:/Users/Administrator/Desktop/tensorflow-yolov3/VOC2007/JPEGImages/000434.jpg 1007,496,1039,538,3 951,390,989,438,3 888,284,923,331,3 241,161,288,203,3 101,597,150,646,3 359,71,402,109,3 794,124,832,161,3 830,188,867,227,3 860,234,896,278,3 981,449,1021,492,3
C:/Users/Administrator/Desktop/tensorflow-yolov3/VOC2007/JPEGImages/000282_1.jpg 21,184,58,268,2 71,183,114,279,2 121,182,165,278,2 179,180,220,272,2 236,178,279,269,2 295,172,347,265,2 357,166,410,265,2 423,167,479,258,2 511,162,573,258,2 585,154,662,259,2 694,163,765,251,2 777,157,843,248,2
C:/Users/Administrator/Desktop/tensorflow-yolov3/VOC2007/JPEGImages/000279_0.jpg 261,147,385,214,2 281,201,414,270,2 302,249,436,321,2 323,294,449,364,2 342,349,446,410,2
C:/Users/Administrator/Desktop/tensorflow-yolov3/VOC2007/JPEGImages/000416.jpg 553,243,618,288,3 441,340,507,388,3 227,375,293,418,3 24,440,83,481,3
C:/Users/Administrator/Desktop/tensorflow-yolov3/VOC2007/JPEGImages/000266_1.jpg 335,31,438,75,2 438,37,567,79,2 319,94,442,138,2 438,75,595,128,2 306,169,437,212,2 450,154,644,199,2 307,238,462,280,2 510,232,634,281,2 333,317,555,347,2 415,372,565,408,2 661,233,730,303,2 566,370,627,452,2
C:/Users/Administrator/Desktop/tensorflow-yolov3/VOC2007/JPEGImages/000426.jpg 740,487,778,528,3 637,598,683,645,3 330,284,375,333,3 253,192,306,248,3 261,73,301,113,3 481,480,520,524,3 478,431,526,472,3 675,539,718,586,3 708,499,753,552,3
C:/Users/Administrator/Desktop/tensorflow-yolov3/VOC2007/JPEGImages/000295.jpg 123,48,217,104,1 732,56,791,143,1 362,570,428,610,1 672,555,752,579,1
C:/Users/Administrator/Desktop/tensorflow-yolov3/VOC2007/JPEGImages/000272_0.jpg 231,17,390,96,2 260,70,415,166,2 297,122,450,218,2 333,178,491,265,2 362,232,522,323,2 396,284,551,387,2 435,344,585,438,2 465,389,633,505,2
C:/Users/Administrator/Desktop/tensorflow-yolov3/VOC2007/JPEGImages/000029.jpg 92,178,154,233,0 191,180,240,235,0 261,182,320,236,0 404,184,454,232,0 563,184,623,236,0 633,186,697,239,0 774,183,831,232,0 61,349,121,406,0 219,347,283,406,0 563,378,628,446,0 657,362,703,423,0 740,353,788,417,0 920,345,981,409,0
C:/Users/Administrator/Desktop/tensorflow-yolov3/VOC2007/JPEGImages/000027.jpg 92,454,197,550,0 400,19,508,131,0 374,344,486,460,0 375,481,457,560,0 540,374,619,434,0 541,495,651,613,0 665,326,740,418,0 815,390,869,475,0 902,400,959,480,0
C:/Users/Administrator/Desktop/tensorflow-yolov3/VOC2007/JPEGImages/000389.jpg 639,344,680,407,3 498,386,535,452,3 519,477,557,545,3 562,489,599,552,3 527,550,562,616,3
C:/Users/Administrator/Desktop/tensorflow-yolov3/VOC2007/JPEGImages/000623.jpg 81,106,162,203,2 194,106,264,199,2 304,100,371,184,2 394,97,453,190,2 488,104,546,192,2 649,100,734,212,2 795,110,874,214,2 925,113,1006,220,2
C:/Users/Administrator/Desktop/tensorflow-yolov3/VOC2007/JPEGImages/000381.jpg 835,447,882,508,3 765,548,827,582,3
C:/Users/Administrator/Desktop/tensorflow-yolov3/VOC2007/JPEGImages/000299_0.jpg 70,119,161,144,1 377,364,452,418,1 534,266,588,341,1
C:/Users/Administrator/Desktop/tensorflow-yolov3/VOC2007/JPEGImages/000535_0.jpg 51,85,101,238,2 127,79,194,221,2 236,70,385,207,2 339,33,526,180,2 71,353,337,416,2 93,457,154,548,2 183,450,251,570,2 276,443,347,591,2 357,275,417,406,2 463,179,530,258,2 550,164,622,263,2 639,163,706,290,2 719,175,775,313,2 790,189,848,328,2 852,231,938,366,2 832,386,945,437,2 829,463,952,520,2 778,519,955,591,2
C:/Users/Administrator/Desktop/tensorflow-yolov3/VOC2007/JPEGImages/000283_0.jpg 463,99,589,140,2 488,157,609,229,2 501,222,617,281,2 511,263,636,324,2 517,314,654,374,2 528,365,667,419,2 537,408,683,484,2 408,29,509,96,2
C:/Users/Administrator/Desktop/tensorflow-yolov3/VOC2007/JPEGImages/000438.jpg 64,472,111,529,3 816,541,865,596,3 546,245,593,295,3 649,135,689,180,3 70,344,116,387,3 392,129,432,174,3 390,78,438,126,3
C:/Users/Administrator/Desktop/tensorflow-yolov3/VOC2007/JPEGImages/000290.jpg 97,285,166,314,1 324,214,370,286,1 455,184,512,245,1
C:/Users/Administrator/Desktop/tensorflow-yolov3/VOC2007/JPEGImages/000513_0.jpg 24,12,63,39,1 75,398,179,450,1 232,85,285,138,1 185,289,249,346,1 402,32,474,65,1 380,335,468,402,1 697,277,767,328,1 858,230,934,281,1
C:/Users/Administrator/Desktop/tensorflow-yolov3/VOC2007/JPEGImages/000435.jpg 490,608,523,646,3 501,578,542,625,3 526,536,577,588,3 550,522,591,565,3 811,311,853,361,3 568,332,608,375,3 483,246,532,286,3 504,222,549,261,3 729,176,773,214,3 783,138,826,172,3 834,90,889,134,3 333,444,375,484,3 467,278,507,311,3
C:/Users/Administrator/Desktop/tensorflow-yolov3/VOC2007/JPEGImages/000056.jpg 71,326,128,381,0 566,580,635,633,0 634,442,688,504,0 850,244,914,302,0 861,325,924,384,0
C:/Users/Administrator/Desktop/tensorflow-yolov3/VOC2007/JPEGImages/000372.jpg 555,20,609,64,3 404,591,440,658,3
C:/Users/Administrator/Desktop/tensorflow-yolov3/VOC2007/JPEGImages/000036.jpg 300,17,405,112,0 201,80,292,171,0 115,173,205,267,0 149,366,215,442,0 235,338,328,431,0 341,300,440,397,0 453,269,546,371,0 564,253,657,355,0 685,243,788,345,0 155,550,233,639,0 344,522,410,603,0 445,532,539,640,0 563,524,673,642,0 697,490,795,613,0 816,478,905,573,0 933,456,1017,556,0
C:/Users/Administrator/Desktop/tensorflow-yolov3/VOC2007/JPEGImages/000400.jpg 346,127,398,199,3 149,256,217,311,3
C:/Users/Administrator/Desktop/tensorflow-yolov3/VOC2007/JPEGImages/000393.jpg 58,354,137,401,3 57,415,123,452,3 318,353,376,389,3 811,291,850,354,3
C:/Users/Administrator/Desktop/tensorflow-yolov3/VOC2007/JPEGImages/000368.jpg 861,230,917,286,3 827,256,888,315,3 724,323,773,384,3
C:/Users/Administrator/Desktop/tensorflow-yolov3/VOC2007/JPEGImages/000292_0.jpg 612,127,652,177,1 504,619,540,684,1
C:/Users/Administrator/Desktop/tensorflow-yolov3/VOC2007/JPEGImages/000053.jpg 178,120,248,186,0 171,319,232,374,0 384,105,446,156,0 376,410,455,463,0 509,241,575,316,0
C:/Users/Administrator/Desktop/tensorflow-yolov3/VOC2007/JPEGImages/000033.jpg 32,290,82,353,0 199,229,246,281,0 252,180,303,240,0 367,102,410,149,0 548,257,597,317,0 456,281,533,375,0 168,507,244,598,0 106,606,154,666,0
C:/Users/Administrator/Desktop/tensorflow-yolov3/VOC2007/JPEGImages/000507.jpg 74,66,120,103,1 138,250,186,358,1 245,115,281,162,1 383,23,422,70,1 409,132,442,165,1 662,31,687,75,1 573,191,615,264,1 650,135,684,198,1 654,423,747,491,1 790,18,813,60,1 865,169,898,235,1 809,401,866,505,1 393,496,439,588,1
C:/Users/Administrator/Desktop/tensorflow-yolov3/VOC2007/JPEGImages/000376.jpg 160,179,230,221,3 519,115,599,161,3 617,108,692,155,3
C:/Users/Administrator/Desktop/tensorflow-yolov3/VOC2007/JPEGImages/000267_0.jpg 254,70,334,226,2 331,95,416,245,2 420,130,492,260,2
C:/Users/Administrator/Desktop/tensorflow-yolov3/VOC2007/JPEGImages/000374.jpg 198,83,243,166,3 110,570,202,634,3
C:/Users/Administrator/Desktop/tensorflow-yolov3/VOC2007/JPEGImages/000510.jpg 59,452,101,517,1 258,244,283,287,1 291,395,319,445,1 521,156,553,208,1 489,406,516,460,1 649,67,709,105,1 673,184,710,222,1 912,124,981,156,1 1061,127,1123,153,1 784,276,835,343,1 1027,276,1120,325,1 1043,445,1098,486,1
C:/Users/Administrator/Desktop/tensorflow-yolov3/VOC2007/JPEGImages/000522.jpg 294,54,330,157,2 180,126,330,159,2 170,196,323,250,2 158,283,281,323,2 299,274,486,306,2 371,27,477,64,2 366,94,490,147,2 357,183,490,240,2 534,28,655,88,2 547,126,673,185,2 555,220,685,276,2 560,315,694,374,2 563,410,755,447,2
C:/Users/Administrator/Desktop/tensorflow-yolov3/VOC2007/JPEGImages/000051.jpg 44,100,154,173,0 49,221,160,303,0 72,355,165,423,0 348,205,442,279,0 366,461,459,528,0 610,61,698,120,0 621,187,701,243,0 641,319,709,372,0 641,413,715,469,0
C:/Users/Administrator/Desktop/tensorflow-yolov3/VOC2007/JPEGImages/000411.jpg 298,112,352,182,3 399,340,443,397,3 379,506,432,576,3
C:/Users/Administrator/Desktop/tensorflow-yolov3/VOC2007/JPEGImages/000533.jpg 132,49,235,74,2 136,87,237,122,2 133,142,234,182,2 126,213,234,256,2 111,292,226,345,2 98,385,200,464,2 365,25,423,88,2 441,21,494,101,2 390,120,495,161,2 829,302,901,343,2 823,365,921,408,2 836,433,948,491,2
C:/Users/Administrator/Desktop/tensorflow-yolov3/VOC2007/JPEGImages/000320.jpg 601,433,634,532,1
C:/Users/Administrator/Desktop/tensorflow-yolov3/VOC2007/JPEGImages/000403.jpg 244,55,299,123,3 125,250,174,318,3
C:/Users/Administrator/Desktop/tensorflow-yolov3/VOC2007/JPEGImages/000430.jpg 337,227,373,272,3 388,131,424,181,3 261,561,308,599,3 770,585,820,625,3 825,611,877,643,3 605,65,653,93,3 595,117,634,144,3 562,132,606,162,3 551,154,590,181,3 540,175,583,207,3 519,196,568,232,3 511,222,552,255,3 498,248,540,281,3 489,270,529,303,3 531,283,580,320,3 526,311,568,343,3 466,313,510,349,3 509,333,555,370,3 289,306,329,353,3 170,520,202,563,3 861,516,915,550,3
C:/Users/Administrator/Desktop/tensorflow-yolov3/VOC2007/JPEGImages/000305.jpg 549,428,601,495,1
C:/Users/Administrator/Desktop/tensorflow-yolov3/VOC2007/JPEGImages/000404.jpg 412,134,477,197,3 142,100,203,163,3
C:/Users/Administrator/Desktop/tensorflow-yolov3/VOC2007/JPEGImages/000271_0.jpg 31,44,126,164,2 90,74,197,203,2 157,110,274,247,2 257,158,355,288,2 303,215,398,343,2
C:/Users/Administrator/Desktop/tensorflow-yolov3/VOC2007/JPEGImages/000274_1.jpg 710,23,818,106,2 631,70,748,146,2 367,270,499,356,2 296,331,419,430,2 235,389,333,474,2 147,429,269,502,2 154,505,281,607,2 54,511,156,586,2
C:/Users/Administrator/Desktop/tensorflow-yolov3/VOC2007/JPEGImages/000064.jpg 362,191,419,253,0 437,253,465,289,0 250,544,285,580,0 192,599,263,665,0 141,660,194,711,0
C:/Users/Administrator/Desktop/tensorflow-yolov3/VOC2007/JPEGImages/000010.jpg 182,251,280,347,0 286,226,378,322,0 403,178,453,222,0 635,149,731,241,0 664,245,775,344,0 696,346,807,439,0 752,451,820,514,0 736,531,817,608,0 683,590,739,644,0
C:/Users/Administrator/Desktop/tensorflow-yolov3/VOC2007/JPEGImages/000287_0.jpg 355,191,426,222,1 114,517,183,557,1
C:/Users/Administrator/Desktop/tensorflow-yolov3/VOC2007/JPEGImages/000076.jpg 369,518,401,552,0 401,396,457,447,0 678,75,719,117,0 691,309,729,352,0 745,291,789,336,0 800,277,843,322,0
C:/Users/Administrator/Desktop/tensorflow-yolov3/VOC2007/JPEGImages/000044.jpg 264,92,368,189,0 585,113,646,172,0 642,518,702,574,0 651,647,709,702,0
C:/Users/Administrator/Desktop/tensorflow-yolov3/VOC2007/JPEGImages/000272_1.jpg 231,17,390,96,2 260,70,415,166,2 297,122,450,218,2 333,178,491,265,2 362,232,522,323,2 396,284,551,387,2 435,344,585,438,2 465,389,633,505,2
C:/Users/Administrator/Desktop/tensorflow-yolov3/VOC2007/JPEGImages/000292.jpg 612,127,652,177,1 504,619,540,684,1
C:/Users/Administrator/Desktop/tensorflow-yolov3/VOC2007/JPEGImages/000072.jpg 158,371,209,436,0
C:/Users/Administrator/Desktop/tensorflow-yolov3/VOC2007/JPEGImages/000038.jpg 38,118,150,193,0 23,485,120,555,0 474,125,565,195,0 450,178,549,248,0 473,336,565,410,0 454,400,551,463,0 454,503,552,572,0 472,556,565,627,0 938,31,1033,105,0
C:/Users/Administrator/Desktop/tensorflow-yolov3/VOC2007/JPEGImages/000319.jpg 318,117,362,168,1
C:/Users/Administrator/Desktop/tensorflow-yolov3/VOC2007/JPEGImages/000536_0.jpg 17,161,109,293,2 130,172,219,316,2 249,149,304,314,2 329,140,376,313,2 406,145,454,310,2 476,141,532,273,2 552,139,617,297,2 629,133,701,286,2 722,169,814,306,2 790,215,917,340,2 858,291,993,368,2 891,386,1023,436,2 913,469,1021,512,2
C:/Users/Administrator/Desktop/tensorflow-yolov3/VOC2007/JPEGImages/000504.jpg 85,70,139,109,1 218,23,262,55,1 108,307,149,340,1 386,95,426,126,1 305,183,368,227,1 374,295,438,332,1 672,81,722,111,1 553,301,606,332,1 715,380,788,415,1 799,48,852,74,1 914,134,979,163,1 1081,88,1170,115,1 448,517,520,557,1
C:/Users/Administrator/Desktop/tensorflow-yolov3/VOC2007/JPEGImages/000415.jpg 394,115,457,157,3 92,229,154,268,3 335,559,407,603,3 268,585,329,624,3 199,607,259,647,3
C:/Users/Administrator/Desktop/tensorflow-yolov3/VOC2007/JPEGImages/000402.jpg 73,141,151,180,3 156,153,233,194,3 489,186,566,224,3 648,311,722,351,3
C:/Users/Administrator/Desktop/tensorflow-yolov3/VOC2007/JPEGImages/000518.jpg 30,146,96,186,1 238,35,302,73,1 186,209,282,264,1 315,330,404,388,1 493,143,559,189,1 611,19,675,51,1 900,39,951,68,1 863,215,916,246,1
C:/Users/Administrator/Desktop/tensorflow-yolov3/VOC2007/JPEGImages/000271.jpg 31,44,126,164,2 90,74,197,203,2 157,110,274,247,2 257,158,355,288,2 303,215,398,343,2
C:/Users/Administrator/Desktop/tensorflow-yolov3/VOC2007/JPEGImages/000501.jpg 442,61,474,132,1 653,200,724,264,1 436,379,524,473,1
C:/Users/Administrator/Desktop/tensorflow-yolov3/VOC2007/JPEGImages/000500.jpg 63,245,121,318,1 363,102,401,174,1 509,31,543,99,1 467,250,517,331,1 751,269,786,354,1 987,104,1056,170,1 963,332,1023,406,1
C:/Users/Administrator/Desktop/tensorflow-yolov3/VOC2007/JPEGImages/000437.jpg 716,334,769,374,3 622,438,677,480,3 468,504,520,545,3 335,520,384,556,3 255,117,291,165,3 303,74,349,140,3
C:/Users/Administrator/Desktop/tensorflow-yolov3/VOC2007/JPEGImages/000427.jpg 908,469,962,507,3 400,592,433,640,3 450,502,481,550,3 559,301,616,340,3 658,271,688,327,3 437,167,473,219,3 280,133,326,172,3 698,28,732,67,3 721,36,755,74,3 761,49,794,96,3 811,72,847,129,3 920,130,952,180,3 946,135,981,191,3 974,155,1004,207,3 998,173,1030,219,3 108,8,155,57,3 139,210,182,256,3 509,272,549,308,3 709,505,745,557,3 733,521,773,578,3 852,435,897,470,3 783,50,825,109,3 475,446,519,503,3
C:/Users/Administrator/Desktop/tensorflow-yolov3/VOC2007/JPEGImages/000061.jpg 357,521,433,590,0 846,394,938,503,0
C:/Users/Administrator/Desktop/tensorflow-yolov3/VOC2007/JPEGImages/000288_0.jpg 113,327,170,369,1
C:/Users/Administrator/Desktop/tensorflow-yolov3/VOC2007/JPEGImages/000532_1.jpg 65,274,193,377,2 164,225,271,328,2 250,173,348,277,2 329,140,415,222,2 428,28,508,166,2 513,34,579,172,2 577,39,640,170,2 640,43,694,169,2 696,40,742,170,2 748,44,787,176,2 793,41,833,178,2 835,40,878,181,2 672,195,836,232,2 674,232,937,284,2 672,284,934,338,2 675,344,945,396,2 667,405,951,470,2 663,479,962,542,2
C:/Users/Administrator/Desktop/tensorflow-yolov3/VOC2007/JPEGImages/000307.jpg 458,228,529,295,1 766,175,835,208,1 126,271,202,320,1 24,529,91,552,1
C:/Users/Administrator/Desktop/tensorflow-yolov3/VOC2007/JPEGImages/000020.jpg 108,60,192,154,0 204,58,313,160,0 327,46,432,151,0 444,69,543,169,0 556,91,651,181,0 658,67,765,172,0 792,81,882,172,0 903,57,1032,180,0 1035,70,1140,184,0 1146,78,1251,181,0 48,222,160,321,0 106,493,207,577,0 103,607,220,703,0 106,727,205,814,0
C:/Users/Administrator/Desktop/tensorflow-yolov3/VOC2007/JPEGImages/000074.jpg 159,315,234,387,0 486,435,533,479,0 726,435,803,508,0 791,512,878,595,0
C:/Users/Administrator/Desktop/tensorflow-yolov3/VOC2007/JPEGImages/000414.jpg 730,68,795,108,3 487,240,552,287,3 330,235,395,280,3 415,168,482,209,3 203,278,267,320,3 199,367,265,408,3 240,311,309,357,3
C:/Users/Administrator/Desktop/tensorflow-yolov3/VOC2007/JPEGImages/000073.jpg 348,311,393,359,0 634,412,679,467,0 615,636,660,678,0
C:/Users/Administrator/Desktop/tensorflow-yolov3/VOC2007/JPEGImages/000395.jpg 421,514,489,560,3 551,443,619,486,3 570,477,630,514,3 591,500,653,542,3 424,547,504,599,3
C:/Users/Administrator/Desktop/tensorflow-yolov3/VOC2007/JPEGImages/000407.jpg 406,124,442,189,3 447,127,481,186,3
C:/Users/Administrator/Desktop/tensorflow-yolov3/VOC2007/JPEGImages/000504_0.jpg 85,70,139,109,1 218,23,262,55,1 108,307,149,340,1 386,95,426,126,1 305,183,368,227,1 374,295,438,332,1 672,81,722,111,1 553,301,606,332,1 715,380,788,415,1 799,48,852,74,1 914,134,979,163,1 1081,88,1170,115,1 448,517,520,557,1
C:/Users/Administrator/Desktop/tensorflow-yolov3/VOC2007/JPEGImages/000279.jpg 261,147,385,214,2 281,201,414,270,2 302,249,436,321,2 323,294,449,364,2 342,349,446,410,2
C:/Users/Administrator/Desktop/tensorflow-yolov3/VOC2007/JPEGImages/000034.jpg 80,42,177,127,0 66,224,159,306,0 62,312,156,394,0 245,29,314,112,0 244,121,328,208,0 240,217,337,301,0 242,312,311,396,0 245,410,339,492,0 241,505,336,587,0 480,406,564,492,0 478,511,562,590,0 714,13,780,98,0 713,109,793,193,0 710,302,792,386,0 711,412,793,497,0 939,112,1023,194,0 938,206,1025,288,0 934,300,1023,385,0 932,501,1018,592,0
C:/Users/Administrator/Desktop/tensorflow-yolov3/VOC2007/JPEGImages/000536.jpg 17,161,109,293,2 130,172,219,316,2 249,149,304,314,2 329,140,376,313,2 406,145,454,310,2 476,141,532,273,2 552,139,617,297,2 629,133,701,286,2 722,169,814,306,2 790,215,917,340,2 858,291,993,368,2 891,386,1023,436,2 913,469,1021,512,2
C:/Users/Administrator/Desktop/tensorflow-yolov3/VOC2007/JPEGImages/000489.jpg 720,24,797,42,1 867,99,953,120,1 221,95,257,119,1 167,249,225,275,1 135,437,206,461,1 471,185,541,230,1 681,214,753,253,1
C:/Users/Administrator/Desktop/tensorflow-yolov3/VOC2007/JPEGImages/000017.jpg 59,332,152,420,0 69,427,172,514,0 88,532,180,614,0 226,211,338,302,0 378,23,458,98,0
C:/Users/Administrator/Desktop/tensorflow-yolov3/VOC2007/JPEGImages/000009.jpg 221,53,265,95,0 147,254,192,297,0 442,631,493,685,0 657,485,736,564,0 846,77,925,149,0 210,349,261,397,0
C:/Users/Administrator/Desktop/tensorflow-yolov3/VOC2007/JPEGImages/000078.jpg 164,95,240,168,0 512,474,578,567,0
C:/Users/Administrator/Desktop/tensorflow-yolov3/VOC2007/JPEGImages/000303_0.jpg 481,152,525,202,1 567,238,612,287,1 533,319,591,381,1 504,339,569,409,1 435,408,487,466,1
C:/Users/Administrator/Desktop/tensorflow-yolov3/VOC2007/JPEGImages/000283.jpg 463,99,589,140,2 488,157,609,229,2 501,222,617,281,2 511,263,636,324,2 517,314,654,374,2 528,365,667,419,2 537,408,683,484,2 408,29,509,96,2
C:/Users/Administrator/Desktop/tensorflow-yolov3/VOC2007/JPEGImages/000273.jpg 147,27,281,92,2 133,325,292,393,2 147,424,290,472,2 182,481,296,536,2
C:/Users/Administrator/Desktop/tensorflow-yolov3/VOC2007/JPEGImages/000268_1.jpg 506,41,626,156,2 452,83,579,194,2 390,132,521,251,2 324,189,451,318,2 240,243,377,394,2 138,325,291,482,2 33,419,188,591,2
C:/Users/Administrator/Desktop/tensorflow-yolov3/VOC2007/JPEGImages/000378.jpg 365,140,417,201,3 429,251,471,302,3 276,191,327,226,3
C:/Users/Administrator/Desktop/tensorflow-yolov3/VOC2007/JPEGImages/000304.jpg 624,334,663,410,1 774,197,812,266,1 743,423,785,498,1
C:/Users/Administrator/Desktop/tensorflow-yolov3/VOC2007/JPEGImages/000314_0.jpg 216,157,271,277,1 163,558,274,657,1 463,537,546,642,1 720,54,789,157,1 957,60,1030,141,1
