10 0.8075 510 340 558 380
10 0.7380 831 503 876 537
10 0.7323 329 222 364 256
10 0.6730 738 336 782 369
10 0.6114 728 328 763 364
10 0.5827 793 534 828 556
10 0.5524 458 413 500 467
10 0.5437 503 332 549 369
10 0.5401 54 99 89 142
10 0.4865 2 369 63 420
10 0.4781 214 139 248 172
10 0.4325 880 135 912 185
10 0.4241 1000 80 1050 141
10 0.4164 912 435 939 475
10 0.4088 468 533 506 566
10 0.3995 645 514 685 535
10 0.3813 655 0 707 26
10 0.3787 593 15 620 69
10 0.3718 37 102 74 143
10 0.3647 850 510 914 556
10 0.3642 431 394 488 424
10 0.3396 648 139 681 200
10 0.3384 257 328 287 383
